


51
38 40 99 101 103 108 113 115 121 124 159 173 194 200 206 209 
1 43 48 54 62 100 117 131 160 165 166 203 
13 18 28 52 59 61 70 90 91 119 140 146 150 155 183 189 
11 13 38 40 67 75 140 144 152 171 178 183 186 191 204 
12 41 52 79 117 121 130 168 187 209 215 217 
42 45 50 55 67 72 96 102 116 129 134 147 189 193 202 
18 29 33 36 60 69 83 84 103 136 
77 106 118 119 137 148 
9 28 53 86 87 89 107 115 136 145 148 160 174 189 207 
64 85 99 126 128 139 146 154 207 
17 25 26 30 47 68 80 90 99 141 150 162 180 197 
57 58 80 104 126 130 143 
4 22 23 32 36 46 54 87 98 118 133 135 174 198 216 
7 16 55 56 78 79 106 113 115 135 144 162 163 170 185 205 213 
10 18 37 44 61 66 85 86 95 120 125 127 141 161 178 180 186 191 194 
12 21 29 48 63 93 103 109 114 132 184 211 213 
23 90 94 108 120 142 144 153 175 190 199 
15 48 70 83 92 97 108 114 181 196 
9 42 45 62 82 213 
5 14 36 46 53 75 91 92 112 147 169 170 176 191 214 
0 1 16 40 54 60 64 81 84 95 101 109 122 149 212 217 
34 50 97 120 123 143 153 187 214 
15 29 32 35 37 55 94 95 117 157 159 163 172 179 188 190 192 212 
8 20 47 51 71 73 76 88 98 137 138 172 186 188 198 
19 31 33 51 52 53 58 105 124 141 147 156 158 178 
25 47 68 91 116 134 158 168 173 193 204 
5 14 31 38 100 121 157 164 176 196 203 211 
2 17 24 34 60 79 107 111 119 154 166 167 
30 50 67 69 71 84 92 96 105 128 170 183 195 215 
27 59 77 104 161 182 196 
20 21 88 89 101 122 145 158 160 190 
9 11 26 61 76 93 149 171 172 175 176 182 194 195 200 202 208 216 
0 6 8 21 45 58 63 66 81 152 164 167 169 187 192 204 
8 44 88 135 138 140 156 174 192 199 
6 7 28 43 49 78 100 109 123 155 169 195 199 202 208 211 
2 30 35 82 87 104 111 118 125 151 180 200 206 
4 11 19 34 44 74 76 78 110 112 131 201 203 214 215 
7 22 39 41 42 56 57 62 65 68 71 74 83 93 102 126 139 154 156 162 184 209 212 216 
22 23 31 35 72 106 110 134 161 177 188 198 206 210 
3 5 13 43 49 127 132 142 175 184 197 
2 15 24 33 39 49 69 73 112 129 131 151 163 173 205 
3 16 20 63 64 65 72 105 113 122 133 142 164 165 179 181 197 205 
10 17 25 39 80 97 116 124 130 155 171 
4 6 19 24 27 51 57 81 110 125 
3 59 73 96 123 177 185 
0 10 12 26 46 70 132 148 149 151 181 201 210 217 
66 74 75 102 107 111 114 129 133 137 139 166 167 168 201 
27 32 37 65 89 94 98 127 128 143 145 185 207 208 
1 14 77 85 136 138 146 150 159 165 182 
41 56 82 86 152 153 157 177 179 193 210 



38 -4 -42 -10 28 16 -23 -2 -35 
9 -1
000000001

8 0
00000001
-13 1 
10 -1
0000000101

9 0
000000011
-35 3 -15 
12 -1
000000011001

11 -1
00000001101

10 0
0000000111
24 18 -21 50 1 
15 -1
000000011100001

14 -1
00000001110001

13 0
0000000111001
25 14 SAT
#38
#-4
#-42
#-10
#-12
#-47
#-49
#37
#46
#28
#22
#-8
#16
#-23
#2
#-5
#-41
#13
#35
#-45
#24
#48
#34
#18
#21
#-15
#43
#40
#-3
#-30
#27
#1
#-17
#-32
#-39
#11
#26
#-36
#25
#-29
#-6
#-7
#-20
#33
#-44
#14
#-50
#-9
#-19
#-31
(46,1) (21,0) (-33,0) 
(-49,1) (2,0) (21,0) 
(28,1) (36,0) (41,0) 
(-42,1) (-45,0) (-40,0) 
(37,1) (13,0) (-44,0) 
(40,1) (20,0) (-27,0) 
(-44,1) (-33,-1) (-35,-1) 
(38,1) (-14,0) (-35,0) 
(24,1) (33,0) (-34,0) 
(-32,1) (9,0) (-19,0) 
(43,1) (15,-1) (-46,-1) 
(-4,1) (-37,0) (32,0) 
(16,1) (5,0) (-46,-1) 
(40,1) (-3,0) (4,-1) 
(-49,1) (-27,0) (-20,0) 
(-23,1) (-41,0) (-18,0) 
(-42,1) (-21,0) (-14,0) 
(28,1) (11,0) (43,0) 
(-15,1) (7,0) (3,0) 
(25,1) (44,0) (-37,-1) 
(24,1) (31,0) (42,-1) 
(16,1) (-31,0) (33,0) 
(38,1) (13,0) (-39,0) 
(13,1) (-39,0) (17,0) 
(28,1) (-41,0) (-44,0) 
(43,1) (-26,0) (-11,0) 
(-32,1) (11,0) (-46,-1) 
(48,1) (-44,0) (-30,0) 
(35,1) (3,0) (-9,0) 
(16,1) (-7,0) (23,0) 
(11,1) (-29,0) (-36,0) 
(27,1) (-25,0) (39,0) 
(13,1) (-48,0) (23,-1) 
(25,1) (-7,0) (41,-1) 
(22,1) (-28,-1) (-37,-1) 
(-23,1) (-36,0) (-39,0) 
(-20,1) (7,-1) (-13,-1) 
(48,1) (-15,0) (23,-1) 
(27,1) (1,0) (4,-1) 
(38,1) (-41,0) (43,0) 
(-4,1) (-1,0) (21,0) 
(-5,1) (-50,0) (-38,-1) 
(38,1) (-6,0) (-19,0) 
(2,1) (-35,0) (-40,0) 
(37,1) (15,0) (-34,0) 
(-6,1) (-33,0) (-19,0) 
(13,1) (20,0) (-46,-1) 
(11,1) (26,0) (-24,-1) 
(16,1) (-2,0) (18,0) 
(-41,1) (-40,0) (-35,0) 
(22,1) (-6,0) (-29,0) 
(25,1) (-44,0) (-24,-1) 
(-5,1) (-25,0) (3,0) 
(-20,1) (9,0) (-25,-1) 
(13,1) (21,0) (-2,-1) 
(-23,1) (-14,0) (-6,0) 
(-50,1) (-14,-1) (-38,-1) 
(38,1) (12,0) (44,0) 
(-12,1) (-25,0) (-33,0) 
(-30,1) (3,-1) (45,-1) 
(28,1) (21,0) (7,0) 
(-3,1) (-32,0) (15,-1) 
(2,1) (-19,0) (-38,-1) 
(16,1) (-33,0) (42,-1) 
(-10,1) (21,0) (42,-1) 
(38,1) (-42,0) (48,0) 
(-47,1) (-33,0) (15,0) 
(-4,1) (-29,0) (6,0) 
(38,1) (-11,0) (-26,0) 
(-7,1) (29,-1) (41,-1) 
(18,1) (3,0) (-46,-1) 
(24,1) (-29,0) (-38,-1) 
(-42,1) (-39,0) (-6,0) 
(-41,1) (-45,0) (24,0) 
(37,1) (47,-1) (-38,-1) 
(-47,1) (20,0) (4,-1) 
(37,1) (24,0) (-32,0) 
(-49,1) (-8,0) (30,0) 
(37,1) (35,0) (-14,0) 
(-5,1) (14,0) (-28,-1) 
(-12,1) (11,0) (43,0) 
(33,1) (44,0) (-21,-1) 
(-19,1) (50,-1) (36,-1) 
(18,1) (7,0) (-38,-1) 
(-29,1) (-7,0) (-21,-1) 
(-10,1) (15,0) (49,0) 
(-9,1) (50,-1) (15,-1) 
(-36,1) (9,0) (-13,-1) 
(24,1) (31,0) (34,0) 
(-31,1) (9,-1) (-48,-1) 
(11,1) (17,-1) (3,-1) 
(26,1) (20,0) (3,-1) 
(-20,1) (29,-1) (-18,-1) 
(16,1) (-32,0) (-38,-1) 
(48,1) (17,0) (23,-1) 
(-15,1) (-21,-1) (23,-1) 
(-45,1) (-6,0) (-29,0) 
(18,1) (43,0) (-22,-1) 
(48,1) (-24,-1) (-13,-1) 
(-10,1) (1,0) (11,0) 
(35,1) (27,0) (-2,-1) 
(21,1) (-1,0) (31,0) 
(38,1) (6,0) (-47,0) 
(16,1) (7,0) (-1,0) 
(-12,1) (-30,0) (-36,0) 
(-29,1) (-25,-1) (42,-1) 
(-8,1) (14,0) (39,0) 
(28,1) (9,0) (47,-1) 
(-17,1) (-1,-1) (-18,-1) 
(16,1) (-35,0) (21,0) 
(-39,1) (44,0) (-37,-1) 
(28,1) (-36,0) (47,-1) 
(-41,1) (-20,0) (-37,-1) 
(-42,1) (-14,0) (-1,0) 
(16,1) (18,0) (47,-1) 
(-9,1) (-14,-1) (-1,-1) 
(43,1) (26,0) (6,0) 
(-5,1) (-2,-1) (23,-1) 
(-8,1) (-36,0) (13,0) 
(28,1) (8,0) (-3,0) 
(22,1) (17,0) (15,0) 
(1,1) (-27,-1) (5,-1) 
(-42,1) (-31,0) (21,0) 
(-45,1) (-35,-1) (-22,-1) 
(43,1) (1,0) (-25,0) 
(-15,1) (44,0) (-36,0) 
(-12,1) (10,-1) (-38,-1) 
(-15,1) (-40,0) (-48,-1) 
(-10,1) (-48,0) (29,0) 
(-47,1) (6,0) (41,0) 
(-12,1) (-43,0) (-5,0) 
(-41,1) (-2,-1) (-37,-1) 
(16,1) (40,0) (-46,-1) 
(-42,1) (-47,0) (13,0) 
(-39,1) (-26,0) (6,0) 
(13,1) (14,0) (34,0) 
(-49,1) (7,0) (9,0) 
(-8,1) (24,0) (47,-1) 
(-49,1) (-24,0) (34,0) 
(-47,1) (10,-1) (-38,-1) 
(34,1) (3,0) (4,-1) 
(-15,1) (-25,0) (11,0) 
(-42,1) (-40,0) (17,0) 
(22,1) (48,0) (12,-1) 
(-4,1) (14,0) (17,0) 
(-9,1) (-31,0) (-48,-1) 
(-10,1) (-3,0) (49,0) 
(25,1) (6,0) (-20,0) 
(46,1) (-8,0) (-9,0) 
(46,1) (32,0) (-21,0) 
(-49,1) (-11,0) (-3,0) 
(46,1) (-36,0) (-41,0) 
(-4,1) (33,0) (50,0) 
(-17,1) (50,0) (-22,-1) 
(-10,1) (-28,0) (-38,-1) 
(-3,1) (-43,-1) (-35,-1) 
(38,1) (34,0) (-25,0) 
(27,1) (50,0) (23,-1) 
(26,1) (25,0) (31,0) 
(-49,1) (-1,0) (23,0) 
(-9,1) (31,0) (-2,-1) 
(-15,1) (-39,0) (30,0) 
(38,1) (-11,0) (-14,0) 
(-23,1) (-14,0) (41,0) 
(-42,1) (-27,0) (33,0) 
(-42,1) (-2,0) (49,0) 
(-47,1) (-28,0) (-2,0) 
(28,1) (-33,0) (47,-1) 
(-47,1) (-26,0) (5,0) 
(33,1) (20,-1) (-35,-1) 
(-29,1) (20,0) (-14,0) 
(-4,1) (-32,0) (-43,0) 
(-23,1) (24,0) (32,0) 
(-41,1) (-1,0) (26,0) 
(34,1) (9,0) (-13,-1) 
(40,1) (-32,0) (-17,0) 
(27,1) (20,0) (32,0) 
(-39,1) (50,0) (45,-1) 
(-4,1) (-15,0) (25,0) 
(-23,1) (-50,0) (42,-1) 
(-36,1) (-11,-1) (15,-1) 
(46,1) (-18,0) (42,-1) 
(-49,1) (-32,0) (-30,0) 
(-4,1) (-29,0) (-3,0) 
(38,1) (-16,0) (-40,0) 
(-45,1) (48,0) (-14,0) 
(-4,1) (-15,0) (-24,0) 
(22,1) (-5,0) (33,0) 
(24,1) (39,0) (23,-1) 
(-3,1) (6,0) (9,0) 
(-23,1) (-17,0) (31,0) 
(-4,1) (-15,0) (20,0) 
(34,1) (33,0) (23,-1) 
(26,1) (-6,0) (50,0) 
(1,1) (32,0) (15,-1) 
(35,1) (-32,0) (29,0) 
(27,1) (30,-1) (-18,-1) 
(-42,1) (11,0) (40,0) 
(24,1) (-39,0) (-13,-1) 
(34,1) (17,0) (-35,-1) 
(1,1) (36,0) (-32,0) 
(46,1) (-37,-1) (47,-1) 
(-32,1) (6,0) (-35,-1) 
(37,1) (-2,0) (-27,0) 
(-4,1) (-26,0) (33,0) 
(-42,1) (-41,0) (-14,0) 
(1,1) (-36,0) (39,0) 
(-10,1) (-48,0) (-9,0) 
(35,1) (-48,0) (32,0) 
(38,1) (5,0) (-1,0) 
(-39,1) (-50,0) (-46,-1) 
(16,1) (-27,0) (35,0) 
(-23,1) (21,0) (-38,-1) 
(14,1) (19,0) (-16,-1) 
(22,1) (-20,0) (-37,-1) 
(37,1) (-5,0) (-29,0) 
(38,1) (13,0) (-32,0) 
(46,1) (21,0) (-5,0) 
